5
(0, 1)
4.593172557241004
step:0
0.014917325214556463
0.020124766834149876
0.017292679350887515
0.05995326037261359
9334.98366977634
1877.5572252712875
624.6914948774445
0.13064613991503357
0.06519744837034773
0.05119683598981285
0.03708731786245116
0.0300350885348253
0.023593727826716836
0.026930904193750594
0.02122527509610595
0.019181288867414853
0.049736422080660495
0.034306845707048464
0.05151495344947586
0.0433460694650475
32690.077502360324
11818.71370993446
4246.821255807155
0.11277851578922736
0.040149248553378356
0.11739743013245438
0.06801888089396316
30101.460761185972
11613.706945478805
5348.9681190904685
70517.79227045564
53520.84553234971
45672.38187242912
57605.987476536
7869.0950111017755
25874.97693439338
0.07918427626265767
0.04174993691454667
0.0504420285376129
0.02724241813195663
12135.136172639268
336.62675508686345
0.06748924974828485
0.05304150448816613
0.018207869895186878
0.020312797854324348
0.017398952719734698
0.02116334938909626
0.027188725370011362
41165.46087357172
step:50
20259.244473410483
6817.783158927915
4719.8613114843365
0.03321318580252217
0.03905919924833285
0.01648480125527122
0.017356143860122318
0.027245138323088045
0.10404669404291603
0.05707259156370888
0.037989086270814876
0.04399158464036604
1224.984832412759
0.14704368331311785
0.061889343273010856
0.0765469426261113
0.04192850038416708
0.10200066366302045
0.06033726739724399
0.03518660774172451
0.04089250626249857
0.011028931971495112
0.022398909675987035
0.015177453088182453
19146.478088063064
7481.968128842283
2413.643311969309
120.38762777692676
0.021742545247588257
0.03238314279025574
0.020193305298975193
0.013273641653565283
0.02112694526917968
9695.759596044654
5509.2738698870635
3.3421388159578274
0.2809075911996843
0.08735335526348388
0.03062782931954193
5545.5600777661075
1659.7789047465058
0.6824602415428445
0.07247108426526085
0.012439194097885475
0.012412867069343149
0.019792894845537395
0.010521825055596009
0.008111736058888003
0.015357837032424071
0.015396268408316323
step:100
0.047839483357281026
0.04089334894295719
0.024045133381583258
0.03315113611237461
0.016589171002778142
242.10422301168597
7996.412576469278
4379.329962797217
92.47040181930059
10103.90705150666
0.0064145146373251905
0.010959438179536674
0.014310652766818047
5551.816759756767
792.0105074868776
0.053837160125459034
0.0600915211279833
0.035406782842928704
14798.192284398203
6421.491221372085
325.5981536524913
776.0443771360115
14765.589784065314
12311.228525053535
3872.3972412066473
2899.8191420134845
7104.049891008669
0.12398830956284126
0.09893750729933244
0.05012803747555631
0.044893950487489814
0.029800999486214053
0.019522181706912563
11556.361450580704
4209.518937237662
231.35812464596796
0.10053463681454644
0.023774687346371743
0.024541621375349418
0.022334692489789115
0.011696873587691354
7354.667405195378
2216.9568092781687
0.08226935648196299
0.08782909037664846
0.023276782835024133
0.04863444375993636
0.04110561430971184
4742.317191517832
2825.823349824035
step:150
126.37866087608806
522.8996480325607
4207.369520568143
9.51561682378681
0.08398841677844598
0.00815035817926976
0.07548858643113512
0.04456340523425117
0.0356590183256133
0.04705995471710948
0.026943906428275443
0.02565081269417352
0.012824313808022418
0.02238331876471409
1899.1853815980414
648.6382334825158
6.082244621369981
949.6407334327178
0.012395280889496155
0.011771330779695478
702.0330574389079
0.08989765795902566
0.05392761947022869
0.0675654493075828
Running Time:2055.8428041934967 s
s_traj_ref_0.npy saved in hybrid_data_2/ with suffix 0
u_opt_ref_0.npy saved in hybrid_data_2/ with suffix 0
